123456789||ú|13|250|
123456789||û|13|251|
123456789||ü|13|252|
123456789||ý|13|253|
123456789||þ|13|254|
123456789||ÿ|13|255|
123456789||Ā|13|256|
123456789||ā|13|257|
123456789||Ă|13|258|
123456789||ă|13|259|
123456789||Ą|13|260|
123456789||ą|13|261|
123456789||Ć|13|262|
123456789||ć|13|263|
123456789||Ĉ|13|264|
123456789||ĉ|13|265|
123456789||Ċ|13|266|
123456789||ċ|13|267|
123456789||Č|13|268|
123456789||č|13|269|
123456789||Ď|13|270|
123456789||ď|13|271|
123456789||Đ|13|272|
123456789||đ|13|273|
123456789||Ē|13|274|
123456789||ē|13|275|
123456789||Ĕ|13|276|
123456789||ĕ|13|277|
123456789||Ė|13|278|
123456789||ė|13|279|
